"Sensitivity Excess Phase - dB SPL/watt (8 ohms, @0.50 meters) (High)"
      "Hz"  "Mag (dB)"       "deg"
9.887695, 49.863, 116.2310
9.959346, 49.897, 115.7358
10.031515, 49.941, 115.0830
10.104208, 49.991, 114.3036
10.177427, 50.045, 113.4308
10.251177, 50.100, 112.4970
10.325461, 50.152, 111.5316
10.400284, 50.200, 110.5606
10.475648, 50.242, 109.6059
10.551559, 50.276, 108.6854
10.628020, 50.303, 107.8139
10.705035, 50.322, 107.0030
10.782608, 50.333, 106.2617
10.860743, 50.336, 105.5974
10.939445, 50.333, 105.0156
11.018717, 50.324, 104.5207
11.098563, 50.309, 104.1164
11.178987, 50.291, 103.8057
11.259995, 50.269, 103.5913
11.341590, 50.244, 103.4756
11.423775, 50.219, 103.4614
11.506557, 50.193, 103.5514
11.589938, 50.168, 103.7487
11.673924, 50.147, 104.0567
11.758518, 50.130, 104.4786
11.843725, 50.119, 105.0176
11.929549, 50.118, 105.6761
12.015996, 50.128, 106.4552
12.103068, 50.153, 107.3539
12.190772, 50.197, 108.3680
12.279112, 50.262, 109.4894
12.368091, 50.352, 110.7052
12.457715, 50.471, 111.9967
12.547989, 50.622, 113.3401
12.638917, 50.806, 114.7058
12.730504, 51.024, 116.0607
12.822754, 51.276, 117.3688
12.915673, 51.561, 118.5939
13.009266, 51.877, 119.7019
13.103536, 52.220, 120.6623
13.198490, 52.586, 121.4500
13.294131, 52.972, 122.0464
13.390466, 53.372, 122.4393
13.487499, 53.782, 122.6228
13.585235, 54.200, 122.5964
13.683679, 54.620, 122.3644
13.782837, 55.041, 121.9344
13.882713, 55.459, 121.3167
13.983313, 55.873, 120.5232
14.084642, 56.282, 119.5666
14.186705, 56.683, 118.4599
14.289507, 57.077, 117.2159
14.393055, 57.463, 115.8470
14.497353, 57.841, 114.3646
14.602407, 58.211, 112.7793
14.708222, 58.572, 111.1007
14.814804, 58.925, 109.3373
14.922158, 59.269, 107.4970
15.030290, 59.606, 105.5863
15.139206, 59.934, 103.6115
15.248911, 60.254, 101.5779
15.359411, 60.566, 99.4907
15.470711, 60.869, 97.3547
15.582818, 61.163, 95.1748
15.695738, 61.446, 92.9559
15.809476, 61.720, 90.7034
15.924038, 61.982, 88.4231
16.039430, 62.233, 86.1214
16.155658, 62.471, 83.8054
16.272729, 62.696, 81.4830
16.390648, 62.908, 79.1629
16.509421, 63.106, 76.8545
16.629055, 63.289, 74.5679
16.749556, 63.457, 72.3140
16.870930, 63.612, 70.1040
16.993184, 63.752, 67.9494
17.116324, 63.879, 65.8617
17.240356, 63.994, 63.8525
17.365286, 64.098, 61.9323
17.491122, 64.193, 60.1111
17.617870, 64.280, 58.3974
17.745537, 64.362, 56.7981
17.874128, 64.441, 55.3179
18.003651, 64.520, 53.9593
18.134113, 64.600, 52.7221
18.265520, 64.685, 51.6039
18.397880, 64.776, 50.5994
18.531199, 64.876, 49.7013
18.665483, 64.985, 48.9007
18.800741, 65.104, 48.1872
18.936979, 65.236, 47.5500
19.074204, 65.380, 46.9778
19.212424, 65.536, 46.4596
19.351645, 65.704, 45.9847
19.491875, 65.886, 45.5427
19.633121, 66.080, 45.1231
19.775391, 66.287, 44.7151
19.918691, 66.507, 44.3076
20.063030, 66.739, 43.8882
20.208415, 66.984, 43.4439
20.354854, 67.241, 42.9609
20.502353, 67.508, 42.4252
20.650922, 67.784, 41.8230
20.800567, 68.067, 41.1417
20.951297, 68.356, 40.3705
21.103118, 68.646, 39.5012
21.256040, 68.937, 38.5283
21.410070, 69.226, 37.4493
21.565216, 69.509, 36.2645
21.721487, 69.786, 34.9767
21.878890, 70.055, 33.5906
22.037433, 70.313, 32.1121
22.197125, 70.561, 30.5478
22.357975, 70.797, 28.9048
22.519990, 71.020, 27.1899
22.683179, 71.230, 25.4099
22.847551, 71.425, 23.5712
23.013114, 71.605, 21.6807
23.179876, 71.770, 19.7458
23.347847, 71.916, 17.7752
23.517035, 72.045, 15.7792
23.687449, 72.154, 13.7700
23.859098, 72.242, 11.7623
24.031991, 72.310, 9.7730
24.206137, 72.357, 7.8209
24.381545, 72.383, 5.9262
24.558223, 72.391, 4.1091
24.736182, 72.382, 2.3890
24.915431, 72.359, 0.7827
25.095978, 72.327, -0.6973
25.277834, 72.290, -2.0436
25.461008, 72.252, -3.2552
25.645509, 72.218, -4.3375
25.831347, 72.191, -5.3013
26.018531, 72.173, -6.1613
26.207072, 72.167, -6.9333
26.396980, 72.172, -7.6320
26.588263, 72.188, -8.2684
26.780932, 72.214, -8.8491
26.974998, 72.250, -9.3758
27.170470, 72.297, -9.8471
27.367359, 72.354, -10.2605
27.565674, 72.425, -10.6158
27.765426, 72.511, -10.9174
27.966626, 72.616, -11.1767
28.169283, 72.742, -11.4123
28.373410, 72.890, -11.6493
28.579015, 73.060, -11.9166
28.786110, 73.251, -12.2443
28.994706, 73.460, -12.6599
29.204814, 73.684, -13.1867
29.416444, 73.918, -13.8423
29.629608, 74.159, -14.6384
29.844316, 74.402, -15.5826
30.060580, 74.644, -16.6784
30.278412, 74.881, -17.9268
30.497821, 75.108, -19.3263
30.718821, 75.322, -20.8725
30.941423, 75.519, -22.5578
31.165637, 75.694, -24.3701
31.391476, 75.844, -26.2925
31.618951, 75.964, -28.3025
31.848075, 76.052, -30.3727
32.078860, 76.105, -32.4715
32.311316, 76.122, -34.5634
32.545457, 76.102, -36.6110
32.781295, 76.047, -38.5756
33.018842, 75.958, -40.4186
33.258110, 75.838, -42.1025
33.499112, 75.692, -43.5909
33.741861, 75.523, -44.8499
33.986368, 75.339, -45.8484
34.232647, 75.145, -46.5597
34.480711, 74.952, -46.9637
34.730573, 74.767, -47.0502
34.982245, 74.601, -46.8234
35.235740, 74.466, -46.3060
35.491073, 74.371, -45.5416
35.748256, 74.324, -44.5944
36.007303, 74.329, -43.5437
36.268226, 74.388, -42.4748
36.531041, 74.496, -41.4678
36.795760, 74.648, -40.5883
37.062397, 74.835, -39.8814
37.330966, 75.049, -39.3709
37.601482, 75.281, -39.0623
37.873958, 75.526, -38.9477
38.148408, 75.780, -39.0116
38.424847, 76.038, -39.2356
38.703290, 76.298, -39.6022
38.983750, 76.561, -40.0968
39.266242, 76.824, -40.7096
39.550781, 77.089, -41.4354
39.837383, 77.354, -42.2737
40.126061, 77.618, -43.2281
40.416831, 77.878, -44.3044
40.709708, 78.134, -45.5096
41.004707, 78.380, -46.8492
41.301844, 78.612, -48.3255
41.601134, 78.825, -49.9348
41.902593, 79.015, -51.6659
42.206237, 79.174, -53.4986
42.512080, 79.301, -55.4034
42.820140, 79.390, -57.3425
43.130433, 79.440, -59.2710
43.442974, 79.451, -61.1405
43.757779, 79.426, -62.9022
44.074866, 79.368, -64.5106
44.394251, 79.285, -65.9276
44.715950, 79.185, -67.1251
45.039980, 79.075, -68.0874
45.366358, 78.965, -68.8114
45.695102, 78.864, -69.3064
46.026227, 78.780, -69.5931
46.359752, 78.719, -69.7016
46.695694, 78.688, -69.6707
47.034070, 78.689, -69.5455
47.374899, 78.726, -69.3749
47.718197, 78.795, -69.2082
48.063982, 78.896, -69.0912
48.412274, 79.024, -69.0625
48.763089, 79.173, -69.1508
49.116447, 79.337, -69.3739
49.472365, 79.510, -69.7391
49.830862, 79.688, -70.2448
50.191957, 79.866, -70.8821
50.555668, 80.040, -71.6376
50.922016, 80.208, -72.4954
51.291018, 80.368, -73.4386
51.662693, 80.519, -74.4509
52.037063, 80.661, -75.5173
52.414145, 80.793, -76.6240
52.793959, 80.915, -77.7584
53.176526, 81.027, -78.9087
53.561865, 81.130, -80.0640
53.949996, 81.225, -81.2145
54.340940, 81.312, -82.3520
54.734717, 81.393, -83.4702
55.131347, 81.468, -84.5643
55.530852, 81.539, -85.6306
55.933251, 81.606, -86.6661
56.338567, 81.670, -87.6676
56.746819, 81.733, -88.6320
57.158030, 81.795, -89.5557
57.572221, 81.857, -90.4356
57.989413, 81.922, -91.2694
58.409628, 81.992, -92.0572
58.832888, 82.069, -92.8028
59.259215, 82.155, -93.5149
59.688632, 82.253, -94.2078
60.121161, 82.362, -94.9013
60.556823, 82.484, -95.6188
60.995643, 82.617, -96.3845
61.437643, 82.758, -97.2205
61.882845, 82.904, -98.1440
62.331274, 83.051, -99.1645
62.782952, 83.193, -100.2833
63.237903, 83.327, -101.4936
63.696151, 83.451, -102.7813
64.157719, 83.562, -104.1274
64.622633, 83.660, -105.5103
65.090915, 83.744, -106.9081
65.562591, 83.818, -108.3011
66.037684, 83.883, -109.6734
66.516220, 83.943, -111.0153
66.998224, 84.002, -112.3242
67.483721, 84.063, -113.6055
67.972736, 84.129, -114.8713
68.465294, 84.201, -116.1384
68.961422, 84.279, -117.4252
69.461145, 84.363, -118.7496
69.964489, 84.450, -120.1270
70.471481, 84.540, -121.5696
70.982146, 84.627, -123.0861
71.496512, 84.711, -124.6815
72.014605, 84.786, -126.3559
72.536453, 84.851, -128.1056
73.062082, 84.902, -129.9229
73.591520, 84.938, -131.7969
74.124794, 84.955, -133.7146
74.661933, 84.952, -135.6606
75.202964, 84.927, -137.6165
75.747916, 84.880, -139.5615
76.296816, 84.808, -141.4713
76.849695, 84.713, -143.3195
77.406579, 84.595, -145.0781
77.967499, 84.455, -146.7189
78.532484, 84.297, -148.2151
79.101563, 84.123, -149.5421
79.674765, 83.941, -150.6807
80.252121, 83.754, -151.6185
80.833661, 83.571, -152.3532
81.419415, 83.400, -152.8948
82.009414, 83.247, -153.2662
82.603688, 83.119, -153.5020
83.202268, 83.021, -153.6455
83.805186, 82.957, -153.7450
84.412473, 82.928, -153.8504
85.024161, 82.932, -154.0110
85.640281, 82.967, -154.2730
86.260866, 83.028, -154.6780
86.885947, 83.108, -155.2601
87.515559, 83.200, -156.0437
88.149733, 83.295, -157.0412
88.788502, 83.383, -158.2525
89.431900, 83.456, -159.6640
90.079960, 83.506, -161.2500
90.732717, 83.527, -162.9739
91.390204, 83.514, -164.7917
92.052455, 83.463, -166.6553
92.719505, 83.376, -168.5170
93.391388, 83.253, -170.3334
94.068141, 83.096, -172.0681
94.749797, 82.909, -173.6921
95.436394, 82.696, -175.1823
96.127965, 82.460, -176.5194
96.824548, 82.204, -177.6870
97.526178, 81.932, -178.6711
98.232893, 81.648, -179.4602
98.944729, 81.355, 179.9539
99.661724, 81.058, 179.5760
100.383914, 80.761, 179.4070
101.111337, 80.468, 179.4440
101.844031, 80.183, 179.6801
102.582035, 79.911, -179.8953
103.325387, 79.656, -179.2953
104.074125, 79.419, -178.5327
104.828289, 79.205, -177.6184
105.587918, 79.015, -176.5618
106.353052, 78.851, -175.3723
107.123730, 78.718, -174.0623
107.899992, 78.617, -172.6505
108.681880, 78.551, -171.1629
109.469434, 78.522, -169.6325
110.262695, 78.531, -168.0971
111.061704, 78.577, -166.5965
111.866502, 78.659, -165.1704
112.677133, 78.774, -163.8561
113.493638, 78.918, -162.6862
114.316060, 79.087, -161.6866
115.144441, 79.275, -160.8757
115.978825, 79.479, -160.2635
116.819256, 79.693, -159.8532
117.665776, 79.912, -159.6423
118.518431, 80.133, -159.6241
119.377264, 80.351, -159.7884
120.242321, 80.563, -160.1221
121.113647, 80.766, -160.6098
121.991286, 80.959, -161.2342
122.875285, 81.140, -161.9782
123.765690, 81.308, -162.8260
124.662547, 81.463, -163.7644
125.565904, 81.604, -164.7830
126.475806, 81.731, -165.8732
127.392302, 81.843, -167.0269
128.315439, 81.939, -168.2345
129.245265, 82.017, -169.4839
130.181830, 82.076, -170.7598
131.125181, 82.115, -172.0440
132.075368, 82.135, -173.3159
133.032441, 82.136, -174.5536
133.996449, 82.118, -175.7357
134.967442, 82.085, -176.8441
135.945472, 82.039, -177.8658
136.930589, 81.983, -178.7931
137.922844, 81.920, -179.6230
138.922290, 81.854, 179.6457
139.928978, 81.785, 179.0146
140.942961, 81.717, 178.4865
141.964292, 81.652, 178.0643
142.993024, 81.593, 177.7489
144.029210, 81.545, 177.5353
145.072905, 81.510, 177.4107
146.124163, 81.491, 177.3539
147.183039, 81.491, 177.3367
148.249588, 81.510, 177.3273
149.323866, 81.546, 177.2959
150.405928, 81.597, 177.2197
151.495832, 81.659, 177.0870
152.593633, 81.729, 176.8985
153.699389, 81.806, 176.6652
154.813158, 81.889, 176.4032
155.934998, 81.979, 176.1264
157.064967, 82.081, 175.8389
158.203125, 82.198, 175.5299
159.349530, 82.331, 175.1727
160.504242, 82.480, 174.7282
161.667322, 82.643, 174.1525
162.838830, 82.813, 173.4053
164.018828, 82.982, 172.4581
165.207376, 83.141, 171.2997
166.404536, 83.279, 169.9396
167.610372, 83.387, 168.4081
168.824946, 83.460, 166.7529
170.048321, 83.492, 165.0341
171.280562, 83.484, 163.3162
172.521731, 83.438, 161.6604
173.771895, 83.360, 160.1173
175.031118, 83.257, 158.7226
176.299465, 83.139, 157.4942
177.577004, 83.014, 156.4333
178.863800, 82.890, 155.5265
180.159921, 82.772, 154.7503
181.465434, 82.665, 154.0765
182.780407, 82.571, 153.4758
184.104909, 82.492, 152.9210
185.439009, 82.426, 152.3877
186.782777, 82.373, 151.8538
188.136282, 82.329, 151.3001
189.499595, 82.293, 150.7122
190.872787, 82.259, 150.0823
192.255930, 82.224, 149.4119
193.649096, 82.184, 148.7115
195.052357, 82.136, 147.9992
196.465787, 82.080, 147.2967
197.889459, 82.015, 146.6244
199.323447, 81.943, 145.9969
200.767827, 81.866, 145.4212
202.222674, 81.784, 144.8987
203.688063, 81.699, 144.4303
205.164070, 81.610, 144.0210
206.650774, 81.518, 143.6828
208.148250, 81.423, 143.4326
209.656578, 81.328, 143.2866
211.175836, 81.238, 143.2543
212.706103, 81.155, 143.3348
214.247460, 81.084, 143.5179
215.799985, 81.028, 143.7889
217.363761, 80.990, 144.1341
218.938868, 80.971, 144.5454
220.525389, 80.973, 145.0200
222.123407, 80.999, 145.5569
223.733005, 81.052, 146.1508
225.354267, 81.137, 146.7847
226.987276, 81.257, 147.4249
228.632120, 81.413, 148.0210
230.288882, 81.604, 148.5104
231.957651, 81.826, 148.8284
233.638511, 82.071, 148.9182
235.331552, 82.328, 148.7387
237.036862, 82.587, 148.2680
238.754529, 82.836, 147.5040
240.484642, 83.065, 146.4650
242.227293, 83.265, 145.1888
243.982572, 83.430, 143.7304
245.750570, 83.557, 142.1551
247.531380, 83.646, 140.5309
249.325095, 83.702, 138.9199
251.131807, 83.729, 137.3707
252.951612, 83.737, 135.9135
254.784603, 83.734, 134.5566
256.630878, 83.728, 133.2858
258.490531, 83.722, 132.0701
260.363660, 83.717, 130.8723
262.250362, 83.712, 129.6611
264.150736, 83.701, 128.4215
266.064881, 83.679, 127.1594
267.992897, 83.642, 125.8989
269.934884, 83.586, 124.6757
271.890944, 83.514, 123.5289
273.861178, 83.428, 122.4935
275.845688, 83.334, 121.5947
277.844580, 83.238, 120.8438
279.857956, 83.146, 120.2370
281.885923, 83.066, 119.7563
283.928584, 83.001, 119.3735
285.986048, 82.955, 119.0560
288.058420, 82.929, 118.7711
290.145811, 82.922, 118.4903
292.248327, 82.931, 118.1923
294.366079, 82.954, 117.8644
296.499176, 82.990, 117.5015
298.647732, 83.036, 117.1030
300.811856, 83.092, 116.6692
302.991663, 83.156, 116.1980
305.187266, 83.229, 115.6824
307.398778, 83.309, 115.1117
309.626317, 83.393, 114.4762
311.869996, 83.478, 113.7722
314.129935, 83.561, 113.0060
316.406250, 83.640, 112.1943
318.699060, 83.714, 111.3607
321.008485, 83.784, 110.5280
323.334645, 83.855, 109.7101
325.677661, 83.929, 108.9070
328.037655, 84.010, 108.1057
330.414751, 84.099, 107.2864
332.809073, 84.196, 106.4320
335.220745, 84.300, 105.5340
337.649892, 84.411, 104.5938
340.096643, 84.530, 103.6180
342.561123, 84.658, 102.6108
345.043462, 84.799, 101.5672
347.543789, 84.955, 100.4687
350.062235, 85.128, 99.2838
352.598930, 85.313, 97.9723
355.154007, 85.508, 96.4929
357.727600, 85.703, 94.8129
360.319841, 85.891, 92.9155
362.930868, 86.062, 90.8020
365.560814, 86.208, 88.4901
368.209819, 86.324, 86.0084
370.878019, 86.402, 83.3935
373.565554, 86.441, 80.6876
376.272564, 86.436, 77.9373
378.999190, 86.387, 75.1927
381.745574, 86.294, 72.5048
384.511860, 86.160, 69.9231
387.298191, 85.988, 67.4910
390.104714, 85.786, 65.2426
392.931573, 85.561, 63.1986
395.778918, 85.322, 61.3656
398.646895, 85.077, 59.7364
401.535654, 84.832, 58.2934
404.445347, 84.596, 57.0120
407.376125, 84.371, 55.8646
410.328140, 84.161, 54.8251
413.301547, 83.967, 53.8713
416.296501, 83.790, 52.9840
419.313157, 83.631, 52.1457
422.351673, 83.488, 51.3386
425.412207, 83.362, 50.5457
428.494919, 83.252, 49.7523
431.599970, 83.155, 48.9471
434.727521, 83.071, 48.1198
437.877736, 82.997, 47.2597
441.050779, 82.929, 46.3566
444.246814, 82.865, 45.4059
447.466010, 82.797, 44.4162
450.708533, 82.720, 43.4141
453.974553, 82.629, 42.4460
457.264240, 82.522, 41.5738
460.577765, 82.404, 40.8619
463.915301, 82.283, 40.3590
467.277023, 82.171, 40.0786
470.663105, 82.082, 39.9885
474.073724, 82.029, 40.0124
477.509057, 82.017, 40.0464
480.969285, 82.046, 39.9821
484.454586, 82.109, 39.7273
487.965144, 82.193, 39.2177
491.501141, 82.285, 38.4233
495.062760, 82.369, 37.3494
498.650189, 82.433, 36.0338
502.263614, 82.467, 34.5360
505.903223, 82.467, 32.9247
509.569207, 82.430, 31.2712
513.261755, 82.358, 29.6469
516.981061, 82.253, 28.1194
520.727319, 82.124, 26.7471
524.500724, 81.978, 25.5744
528.301473, 81.827, 24.6277
532.129763, 81.682, 23.9130
535.985794, 81.555, 23.4126
539.869768, 81.457, 23.0835
543.781887, 81.395, 22.8595
547.722355, 81.372, 22.6604
551.691377, 81.387, 22.4075
555.689160, 81.434, 22.0391
559.715913, 81.505, 21.5195
563.771845, 81.591, 20.8400
567.857168, 81.686, 20.0110
571.972095, 81.783, 19.0529
576.116841, 81.881, 17.9878
580.291621, 81.976, 16.8340
584.496653, 82.068, 15.6044
588.732157, 82.153, 14.3090
592.998353, 82.229, 12.9557
597.295463, 82.294, 11.5507
601.623713, 82.346, 10.0997
605.983326, 82.382, 8.6154
610.374531, 82.401, 7.1245
614.797557, 82.405, 5.6650
619.252633, 82.399, 4.2734
623.739993, 82.394, 2.9711
628.259870, 82.398, 1.7552
632.812500, 82.419, 0.5973
637.398120, 82.464, -0.5513
642.016970, 82.533, -1.7473
646.669289, 82.623, -3.0432
651.355322, 82.726, -4.4746
656.075311, 82.836, -6.0545
660.829503, 82.947, -7.7756
665.618146, 83.055, -9.6199
670.441489, 83.158, -11.5676
675.299785, 83.257, -13.6035
680.193285, 83.348, -15.7194
685.122246, 83.430, -17.9128
690.086925, 83.500, -20.1818
695.087579, 83.551, -22.5160
700.124470, 83.581, -24.8916
705.197861, 83.588, -27.2737
710.308015, 83.576, -29.6273
715.455200, 83.550, -31.9312
720.639683, 83.519, -34.1832
725.861735, 83.487, -36.3964
731.121628, 83.458, -38.5906
736.419637, 83.432, -40.7837
741.756037, 83.406, -42.9843
747.131107, 83.376, -45.1871
752.545127, 83.341, -47.3764
757.998380, 83.298, -49.5350
763.491148, 83.252, -51.6572
769.023720, 83.206, -53.7554
774.596383, 83.165, -55.8542
780.209428, 83.131, -57.9805
785.863147, 83.106, -60.1556
791.557835, 83.089, -62.3918
797.293789, 83.078, -64.6913
803.071309, 83.073, -67.0474
808.890695, 83.072, -69.4506
814.752250, 83.077, -71.8953
820.656281, 83.088, -74.3824
826.603094, 83.107, -76.9183
832.593001, 83.133, -79.5114
838.626313, 83.167, -82.1713
844.703345, 83.209, -84.9088
850.824414, 83.256, -87.7331
856.989838, 83.308, -90.6511
863.199940, 83.362, -93.6675
869.455043, 83.419, -96.7869
875.755472, 83.476, -100.0145
882.101557, 83.532, -103.3550
888.493629, 83.583, -106.8120
894.932020, 83.628, -110.3867
901.417066, 83.661, -114.0763
907.949106, 83.680, -117.8741
914.528479, 83.679, -121.7686
921.155530, 83.653, -125.7405
927.830602, 83.598, -129.7614
934.554045, 83.509, -133.7922
941.326209, 83.385, -137.7864
948.147447, 83.226, -141.6938
955.018114, 83.034, -145.4653
961.938569, 82.817, -149.0537
968.909173, 82.580, -152.4176
975.930288, 82.336, -155.5264
983.002281, 82.097, -158.3691
990.125521, 81.877, -160.9593
997.300379, 81.689, -163.3369
1004.527228, 81.544, -165.5596
1011.806447, 81.447, -167.6857
1019.138413, 81.401, -169.7583
1026.523510, 81.407, -171.8000
1033.962123, 81.467, -173.8236
1041.454639, 81.582, -175.8495
1049.001448, 81.754, -177.9214
1056.602945, 81.980, 179.8926
1064.259526, 82.249, 177.5110
1071.971589, 82.545, 174.8582
1079.739537, 82.850, 171.8828
1087.563775, 83.145, 168.5693
1095.444710, 83.412, 164.9402
1103.382754, 83.638, 161.0505
1111.378320, 83.817, 156.9758
1119.431826, 83.947, 152.7997
1127.543690, 84.030, 148.6041
1135.714337, 84.072, 144.4618
1143.944191, 84.082, 140.4313
1152.233682, 84.071, 136.5525
1160.583242, 84.052, 132.8453
1168.993307, 84.034, 129.3120
1177.464314, 84.028, 125.9402
1185.996706, 84.038, 122.7067
1194.590927, 84.068, 119.5817
1203.247425, 84.119, 116.5339
1211.966652, 84.189, 113.5351
1220.749062, 84.275, 110.5604
1229.595113, 84.372, 107.5891
1238.505266, 84.476, 104.6060
1247.479986, 84.582, 101.6053
1256.519740, 84.685, 98.5918
1265.625000, 84.783, 95.5780
1274.796240, 84.874, 92.5786
1284.033940, 84.959, 89.6083
1293.338579, 85.039, 86.6829
1302.710643, 85.115, 83.8179
1312.150622, 85.193, 81.0250
1321.659006, 85.276, 78.3060
1331.236292, 85.370, 75.6497
1340.882979, 85.475, 73.0333
1350.599570, 85.594, 70.4289
1360.386571, 85.722, 67.8098
1370.244493, 85.855, 65.1559
1380.173849, 85.989, 62.4573
1390.175158, 86.119, 59.7136
1400.248940, 86.241, 56.9308
1410.395721, 86.354, 54.1174
1420.616030, 86.458, 51.2812
1430.910399, 86.552, 48.4296
1441.279366, 86.636, 45.5674
1451.723470, 86.709, 42.6976
1462.243257, 86.770, 39.8227
1472.839274, 86.818, 36.9474
1483.512075, 86.850, 34.0803
1494.262215, 86.863, 31.2350
1505.090255, 86.856, 28.4305
1515.996759, 86.827, 25.6914
1526.982297, 86.778, 23.0448
1538.047440, 86.711, 20.5173
1549.192766, 86.630, 18.1311
1560.418855, 86.540, 15.9025
1571.726293, 86.447, 13.8407
1583.115670, 86.359, 11.9468
1594.587579, 86.282, 10.2134
1606.142618, 86.221, 8.6251
1617.781389, 86.184, 7.1586
1629.504500, 86.175, 5.7833
1641.312561, 86.196, 4.4609
1653.206189, 86.249, 3.1459
1665.186002, 86.333, 1.7879
1677.252626, 86.441, 0.3371
1689.406690, 86.568, -1.2487
1701.648828, 86.705, -2.9973
1713.979677, 86.841, -4.9198
1726.399880, 86.968, -7.0116
1738.910085, 87.079, -9.2559
1751.510944, 87.168, -11.6274
1764.203115, 87.230, -14.0953
1776.987258, 87.263, -16.6256
1789.864040, 87.263, -19.1821
1802.834133, 87.228, -21.7255
1815.898212, 87.160, -24.2147
1829.056959, 87.060, -26.6088
1842.311060, 86.931, -28.8708
1855.661205, 86.779, -30.9720
1869.108091, 86.610, -32.8953
1882.652419, 86.431, -34.6361
1896.294894, 86.248, -36.2004
1910.036229, 86.069, -37.6010
1923.877139, 85.897, -38.8558
1937.818345, 85.737, -39.9866
1951.860576, 85.590, -41.0168
1966.004562, 85.456, -41.9688
1980.251042, 85.336, -42.8606
1994.600757, 85.229, -43.7039
2009.054456, 85.132, -44.5051
2023.612893, 85.047, -45.2695
2038.276826, 84.973, -46.0073
2053.047020, 84.910, -46.7348
2067.924246, 84.858, -47.4714
2082.909277, 84.813, -48.2327
2098.002896, 84.774, -49.0256
2113.205890, 84.735, -49.8460
2128.519051, 84.695, -50.6790
2143.943178, 84.649, -51.4996
2159.479074, 84.596, -52.2756
2175.127549, 84.538, -52.9716
2190.889420, 84.477, -53.5562
2206.765508, 84.419, -54.0112
2222.756640, 84.370, -54.3414
2238.863651, 84.338, -54.5796
2255.087380, 84.325, -54.7830
2271.428673, 84.332, -55.0198
2287.888382, 84.354, -55.3490
2304.467364, 84.383, -55.8047
2321.166484, 84.410, -56.3896
2337.986614, 84.428, -57.0761
2354.928628, 84.431, -57.8149
2371.993412, 84.419, -58.5462
2389.181854, 84.393, -59.2123
2406.494851, 84.361, -59.7666
2423.933304, 84.331, -60.1811
2441.498124, 84.313, -60.4517
2459.190226, 84.316, -60.6006
2477.010532, 84.347, -60.6735
2494.959972, 84.410, -60.7328
2513.039480, 84.504, -60.8483
2531.250000, 84.623, -61.0859
2549.592481, 84.762, -61.4979
2568.067879, 84.909, -62.1160
2586.677158, 85.054, -62.9487
2605.421287, 85.187, -63.9834
2624.301243, 85.300, -65.1895
2643.318012, 85.386, -66.5224
2662.472584, 85.442, -67.9279
2681.765958, 85.468, -69.3484
2701.199139, 85.466, -70.7308
2720.773142, 85.443, -72.0342
2740.488985, 85.407, -73.2350
2760.347698, 85.365, -74.3270
2780.350316, 85.326, -75.3195
2800.497880, 85.296, -76.2344
2820.791442, 85.278, -77.1050
2841.232060, 85.274, -77.9727
2861.820799, 85.283, -78.8817
2882.558732, 85.298, -79.8691
2903.446941, 85.312, -80.9558
2924.486514, 85.316, -82.1406
2945.678549, 85.302, -83.4002
2967.024150, 85.264, -84.6937
2988.524430, 85.199, -85.9703
3010.180510, 85.107, -87.1763
3031.993519, 84.989, -88.2603
3053.964594, 84.850, -89.1767
3076.094880, 84.696, -89.8890
3098.385531, 84.536, -90.3730
3120.837710, 84.377, -90.6182
3143.452587, 84.229, -90.6273
3166.231340, 84.100, -90.4192
3189.175158, 84.000, -90.0344
3212.285235, 83.933, -89.5356
3235.562778, 83.904, -88.9996
3259.009000, 83.910, -88.5031
3282.625123, 83.947, -88.1091
3306.412378, 84.009, -87.8590
3330.372005, 84.086, -87.7692
3354.505253, 84.172, -87.8352
3378.813381, 84.263, -88.0402
3403.297655, 84.355, -88.3636
3427.959353, 84.448, -88.7886
3452.799760, 84.540, -89.3050
3477.820170, 84.630, -89.9095
3503.021889, 84.717, -90.6025
3528.406229, 84.798, -91.3810
3553.974515, 84.869, -92.2343
3579.728080, 84.931, -93.1425
3605.668265, 84.981, -94.0801
3631.796424, 85.022, -95.0231
3658.113918, 85.057, -95.9563
3684.622119, 85.091, -96.8793
3711.322410, 85.126, -97.8060
3738.216182, 85.164, -98.7582
3765.304837, 85.203, -99.7596
3792.589788, 85.240, -100.8292
3820.072457, 85.271, -101.9760
3847.754277, 85.290, -103.1957
3875.636691, 85.291, -104.4697
3903.721152, 85.271, -105.7670
3932.009124, 85.228, -107.0502
3960.502083, 85.166, -108.2851
3989.201514, 85.088, -109.4492
4018.108913, 85.000, -110.5369
4047.225786, 84.907, -111.5577
4076.553653, 84.811, -112.5291
4106.094041, 84.712, -113.4665
4135.848491, 84.609, -114.3752
4165.818554, 84.497, -115.2455
4196.005793, 84.373, -116.0522
4226.411780, 84.237, -116.7604
4257.038102, 84.090, -117.3335
4287.886355, 83.937, -117.7460
4318.958147, 83.784, -117.9926
4350.255098, 83.637, -118.0908
4381.778840, 83.503, -118.0754
4413.531016, 83.384, -117.9875
4445.513281, 83.277, -117.8604
4477.727303, 83.181, -117.7094
4510.174761, 83.092, -117.5269
4542.857346, 83.007, -117.2867
4575.776763, 82.928, -116.9578
4608.934728, 82.859, -116.5214
4642.332969, 82.808, -115.9841
4675.973227, 82.779, -115.3792
4709.857257, 82.775, -114.7567
4743.986824, 82.798, -114.1681
4778.363708, 82.844, -113.6525
4812.989701, 82.910, -113.2328
4847.866609, 82.993, -112.9202
4882.996248, 83.090, -112.7211
4918.380452, 83.196, -112.6412
4954.021064, 83.308, -112.6835
4989.919943, 83.421, -112.8429
5026.078960, 83.531, -113.1036
5062.500000, 83.636, -113.4398
5099.184962, 83.734, -113.8203
5136.135758, 83.828, -114.2161
5173.354315, 83.921, -114.6080
5210.842573, 84.016, -114.9929
5248.602486, 84.117, -115.3848
5286.636024, 84.225, -115.8091
5324.945167, 84.339, -116.2921
5363.531915, 84.455, -116.8500
5402.398278, 84.571, -117.4850
5441.546283, 84.684, -118.1893
5480.977971, 84.793, -118.9526
5520.695397, 84.899, -119.7670
5560.700631, 85.002, -120.6268
5600.995760, 85.100, -121.5267
5641.582884, 85.195, -122.4610
5682.464120, 85.287, -123.4271
5723.641597, 85.377, -124.4269
5765.117463, 85.464, -125.4667
5806.893881, 85.548, -126.5521
5848.973028, 85.625, -127.6838
5891.357098, 85.694, -128.8550
5934.048300, 85.753, -130.0526
5977.048860, 85.801, -131.2607
6020.361020, 85.838, -132.4640
6063.987037, 85.865, -133.6514
6107.929187, 85.883, -134.8168
6152.189760, 85.890, -135.9550
6196.771063, 85.887, -137.0558
6241.675421, 85.872, -138.1003
6286.905174, 85.847, -139.0637
6332.462680, 85.815, -139.9214
6378.350315, 85.782, -140.6570
6424.570471, 85.752, -141.2676
6471.125557, 85.733, -141.7651
6518.018000, 85.728, -142.1729
6565.250245, 85.740, -142.5194
6612.824755, 85.770, -142.8342
6660.744009, 85.819, -143.1471
6709.010506, 85.885, -143.4862
6757.626762, 85.965, -143.8755
6806.595311, 86.058, -144.3311
6855.918706, 86.159, -144.8632
6905.599519, 86.265, -145.4772
6955.640340, 86.372, -146.1746
7006.043777, 86.476, -146.9504
7056.812459, 86.573, -147.7924
7107.949031, 86.662, -148.6812
7159.456160, 86.740, -149.5942
7211.336530, 86.807, -150.5077
7263.592847, 86.863, -151.3989
7316.227835, 86.911, -152.2476
7369.244238, 86.953, -153.0371
7422.644820, 86.992, -153.7555
7476.432364, 87.030, -154.3953
7530.609675, 87.071, -154.9524
7585.179577, 87.117, -155.4265
7640.144915, 87.172, -155.8213
7695.508554, 87.238, -156.1490
7751.273381, 87.318, -156.4304
7807.442304, 87.411, -156.6920
7864.018249, 87.517, -156.9597
7921.004167, 87.634, -157.2549
7978.403028, 87.760, -157.5929
8036.217826, 87.892, -157.9813
8094.451573, 88.026, -158.4194
8153.107305, 88.162, -158.8989
8212.188082, 88.299, -159.4099
8271.696982, 88.438, -159.9458
8331.637108, 88.578, -160.5044
8392.011585, 88.721, -161.0864
8452.823560, 88.867, -161.6942
8514.076204, 89.014, -162.3315
8575.772710, 89.163, -163.0037
8637.916295, 89.312, -163.7152
8700.510197, 89.460, -164.4662
8763.557680, 89.606, -165.2526
8827.062032, 89.749, -166.0686
8891.026562, 89.890, -166.9109
8955.454605, 90.029, -167.7803
9020.349521, 90.167, -168.6816
9085.714692, 90.301, -169.6213
9151.553526, 90.432, -170.6060
9217.869456, 90.556, -171.6389
9284.665937, 90.672, -172.7200
9351.946454, 90.778, -173.8461
9419.714513, 90.872, -175.0116
9487.973648, 90.952, -176.2079
9556.727416, 91.015, -177.4216
9625.979402, 91.062, -178.6355
9695.733217, 91.092, -179.8306
9765.992497, 91.106, 179.0117
9836.760904, 91.104, 177.9082
9908.042129, 91.089, 176.8729
9979.839886, 91.062, 175.9180
10052.157920, 91.025, 175.0531
10125.000000, 90.981, 174.2848
10198.369924, 90.932, 173.6160
10272.271516, 90.879, 173.0470
10346.708630, 90.825, 172.5760
10421.685146, 90.772, 172.2007
10497.204973, 90.719, 171.9166
10573.272047, 90.670, 171.7190
10649.890335, 90.624, 171.6030
10727.063830, 90.583, 171.5658
10804.796557, 90.548, 171.6049
10883.092567, 90.520, 171.7158
10961.955942, 90.500, 171.8895
11041.390793, 90.492, 172.1129
11121.401262, 90.495, 172.3699
11201.991520, 90.510, 172.6422
11283.165769, 90.535, 172.9116
11364.928239, 90.571, 173.1608
11447.283194, 90.615, 173.3762
11530.234927, 90.665, 173.5493
11613.787762, 90.717, 173.6768
11697.946056, 90.771, 173.7596
11782.714195, 90.824, 173.8030
11868.096599, 90.876, 173.8147
11954.097720, 90.924, 173.8040
12040.722039, 90.970, 173.7786
12127.974075, 91.014, 173.7432
12215.858374, 91.057, 173.6992
12304.379520, 91.098, 173.6436
12393.542126, 91.139, 173.5708
12483.350841, 91.178, 173.4736
12573.810347, 91.216, 173.3467
12664.925360, 91.250, 173.1879
12756.700630, 91.279, 172.9983
12849.140942, 91.302, 172.7822
12942.251114, 91.320, 172.5452
13036.036000, 91.331, 172.2920
13130.500491, 91.337, 172.0245
13225.649510, 91.337, 171.7406
13321.488018, 91.332, 171.4351
13418.021012, 91.320, 171.1012
13515.253523, 91.300, 170.7347
13613.190622, 91.269, 170.3357
13711.837413, 91.225, 169.9109
13811.199039, 91.165, 169.4736
13911.280681, 91.087, 169.0441
14012.087555, 90.990, 168.6470
14113.624917, 90.875, 168.3086
14215.898062, 90.743, 168.0536
14318.912319, 90.596, 167.9027
14422.673060, 90.439, 167.8696
14527.185695, 90.275, 167.9594
14632.455671, 90.110, 168.1667
14738.488476, 89.946, 168.4773
14845.289639, 89.788, 168.8674
14952.864728, 89.637, 169.3085
15061.219349, 89.493, 169.7698
15170.359153, 89.354, 170.2257
15280.289829, 89.217, 170.6615
15391.017108, 89.077, 171.0771
15502.546763, 88.930, 171.4891
15614.884607, 88.772, 171.9271
15728.036498, 88.603, 172.4285
15842.008334, 88.424, 173.0312
15956.806057, 88.238, 173.7673
16072.435651, 88.049, 174.6564
16188.903145, 87.865, 175.7012
16306.214611, 87.692, 176.8862
16424.376164, 87.536, 178.1782
16543.393964, 87.402, 179.5288
16663.274216, 87.292, -179.1183
16784.023170, 87.206, -177.8208
16905.647121, 87.143, -176.6290
17028.152409, 87.097, -175.5798
17151.545421, 87.065, -174.6935
17275.832589, 87.040, -173.9752
17401.020393, 87.021, -173.4185
17527.115360, 87.002, -173.0106
17654.124063, 86.985, -172.7383
17782.053124, 86.969, -172.5922
17910.909211, 86.955, -172.5718
18040.699042, 86.947, -172.6882
18171.429384, 86.947, -172.9650
18303.107052, 86.953, -173.4340
18435.738911, 86.966, -174.1309
18569.331875, 86.981, -175.0889
18703.892908, 86.994, -176.3345
18839.429027, 86.999, -177.8861
18975.947295, 86.987, -179.7545
19113.454832, 86.952, 178.0576
19251.958805, 86.883, 175.5569
19391.466434, 86.771, 172.7610
19531.984994, 86.607, 169.7009
19673.521808, 86.382, 166.4204
19816.084257, 86.087, 162.9758
19959.679772, 85.717, 159.4312
20104.315840, 85.269, 155.8547
20250.000000, 84.742, 152.3146
20396.739848, 84.135, 148.8755
20544.543032, 83.451, 145.5974
20693.417260, 82.692, 142.5349
20843.370292, 81.862, 139.7388
20994.409945, 80.966, 137.2566
21146.544094, 80.007, 135.1338
21299.780670, 78.989, 133.4125
21454.127661, 77.917, 132.1300
21609.593114, 76.795, 131.3184
21766.185133, 75.627, 131.0054
21923.911883, 74.417, 131.2208
22082.781586, 73.170, 132.0076
22242.802525, 71.888, 133.4451
22403.983041, 70.575, 135.6936
22566.331538, 69.236, 139.0837
22729.856478, 67.875, 144.3071
22894.566388, 66.496, 152.8477
23060.469854, 65.108, 167.8440
23227.575524, 63.723, -166.2793
23395.892112, 62.366, -134.3213
23565.428390, 61.078, -111.4115
23736.193199, 59.933, -98.9521
23908.195439, 59.045, -92.5837
24081.444079, 58.549, -89.8538
